100
3
2 0
2 2
1 3
1
5 0
1
2 0
4
5 1
1 7
1 8
3 9
3
2 0
3 1
1 2
7
1 0
1 2
1 5
1 6
4 7
1 8
1 9
7
2 0
1 2
1 4
1 5
1 6
3 8
1 9
3
5 0
3 1
1 2
1
3 1
1
8 9
9
1 0
2 1
1 2
1 3
1 5
1 6
1 7
1 9
1 10
2
4 0
1 2
2
5 1
2 2
1
1 2
3
4 0
4 1
2 2
2
5 7
3 9
2
2 0
1 2
4
1 1
2 2
3 3
4 4
2
2 0
2 1
9
1 0
1 1
1 2
1 3
1 4
2 7
1 8
1 9
1 10
8
1 0
1 1
3 2
1 3
1 5
1 6
1 7
1 8
2
6 0
3 1
2
5 1
3 2
2
7 1
3 2
2
4 1
2 2
2
2 0
3 1
1
2 1
2
9 0
1 8
2
4 0
3 1
3
1 2
1 6
8 7
2
7 4
2 10
2
6 1
1 2
2
1 0
6 2
8
1 0
1 1
1 3
1 4
3 5
1 6
1 7
1 8
3
6 0
3 1
1 2
3
2 0
2 1
1 2
2
6 0
1 1
2
3 1
3 2
3
1 0
6 1
3 2
2
6 1
4 2
3
3 0
5 5
2 8
1
10 0
6
1 0
1 4
1 5
1 6
5 9
1 10
3
2 0
1 1
1 2
3
5 1
3 7
2 9
8
1 0
2 2
1 3
1 4
1 5
1 8
1 9
2 10
3
2 3
7 9
1 10
1
4 0
5
1 0
1 4
1 6
1 7
6 9
6
2 0
2 2
2 4
2 6
1 9
1 10
8
1 0
1 1
2 2
2 4
1 5
1 6
1 7
1 10
1
1 0
3
3 0
4 1
2 2
3
1 0
5 4
4 6
10
1 0
1 1
1 2
1 3
1 4
1 5
1 6
1 7
1 8
1 9
1
1 1
2
4 1
6 8
1
8 0
2
6 0
1 2
2
6 1
3 2
8
1 0
1 1
1 2
1 3
1 5
3 6
1 9
1 10
10
1 0
1 1
1 2
1 3
1 4
1 5
1 6
1 7
1 8
1 10
2
4 0
2 1
3
6 0
2 1
1 2
2
6 0
2 1
2
9 0
1 9
6
1 0
1 1
1 2
1 3
5 7
1 8
7
1 4
1 5
4 6
1 7
1 8
1 9
1 10
2
2 0
1 1
10
1 0
1 1
1 2
1 3
1 4
1 5
1 7
1 8
1 9
1 10
2
9 7
1 8
2
3 1
1 2
10
1 0
1 1
1 3
1 4
1 5
1 6
1 7
1 8
1 9
1 10
2
9 0
1 7
3
1 4
8 8
1 9
10
1 1
1 2
1 3
1 4
1 5
1 6
1 7
1 8
1 9
1 10
2
9 0
1 1
1
6 0
3
4 0
3 1
1 2
4
1 1
7 4
1 5
1 6
2
4 0
1 1
2
1 1
1 2
1
3 6
9
1 0
1 3
1 4
1 5
1 6
1 7
2 8
1 9
1 10
3
6 0
1 1
1 2
3
4 0
1 1
1 2
6
1 2
1 3
1 5
1 7
1 9
5 10
9
1 2
1 3
1 4
1 5
1 6
1 7
1 8
1 9
2 10
1
10 10
6
5 1
1 4
1 5
1 6
1 7
1 9
3
2 4
3 5
5 8
10
1 0
1 1
1 2
1 3
1 4
1 5
1 6
1 7
1 9
1 10
6
2 0
1 1
1 3
1 6
1 7
4 8
4
4 1
3 2
2 3
1 4
3
4 0
2 1
1 2
3
1 1
8 6
1 8
2
6 1
2 2
5
1 1
1 3
5 4
2 6
1 10
2
2 1
1 2
9
1 0
1 2
1 3
1 4
1 5
1 6
1 7
2 8
1 10
